wrote file for Iteration #: 4719646
0,00000000000000000000;0,00000000000000000000;0,00000000000000000000
0,00009775171065493646;0,00016292029597034580;0,00016291951851910750
0,00019550342130987292;0,00032584060107124983;0,00032583904769053620
0,00029325513196480940;0,00048876094269441000;0,00048875861490596940
0,00039100684261974585;0,00065168136649261120;0,00065167826581821220
0,00048875855327468230;0,00081460193637981360;0,00081459806434119220
0,00058651026392961880;0,00097752273453102820;0,00097751809264995900
0,00068426197458455520;0,00114044386138247740;0,00114043845118068400
0,00078201368523949170;0,00130336543563139780;0,00130335925863066120
0,00087976539589442820;0,00146628759423627500;0,00146628065195830630
0,00097751710654936460;0,00162921049241657200;0,00162920278638315750
0,00107526881720430100;0,00179213430365303560;0,00179212583538587520
0,00117302052785923750;0,00195505921968735600;0,00195504999070824100
0,00127077223851417400;0,00211798545052254100;0,00211797546235316000
0,00136852394916911050;0,00228091322442250800;0,00228090247858465850
0,00146627565982404700;0,00244384278791252680;0,00244383128592788470
0,00156402737047898340;0,00260677440577874100;0,00260676214916910970
0,00166177908113391980;0,00276970836106868330;0,00276969535135572600
0,00175953079178885630;0,00293264495509072430;0,00293263119379624920
0,00185728250244379280;0,00309558450741465700;0,00309556999606031600
0,00195503421309872920;0,00325852735587107800;0,00325851209597868620
0,00205278592375366570;0,00342147385655204400;0,00342145784964324100
0,00215053763440860200;0,00358442438381037730;0,00358440763140698300
0,00224828934506353860;0,00374737933026039600;0,00374736183388403850
0,00234604105571847500;0,00391033910677715100;0,00391032086794965500
0,00244379276637341150;0,00407330414249721900;0,00407328516274020300
0,00254154447702834800;0,00423627488481787900;0,00423625516565317300
0,00263929618768328450;0,00439925179939797000;0,00439923134234718100
0,00273704789833822100;0,00456223537015699900;0,00456221417674196150
0,00283479960899315740;0,00472522609927606700;0,00472520417101837300
0,00293255131964809400;0,00488822450719690400;0,00488820184561839800
0,00303030303030303030;0,00505123113262287700;0,00505120773924513700
0,00312805474095796680;0,00521424653251793900;0,00521422240886281500
0,00322580645161290320;0,00537727128210771940;0,00537724642969677900
0,00332355816226783970;0,00554030597487840200;0,00554028039523349800
0,00342130987292277600;0,00570335122257787400;0,00570332491722056300
0,00351906158357771260;0,00586640765521454600;0,00586638062566668600
0,00361681329423264900;0,00602947592105856900;0,00602944816884170500
0,00371456500488758550;0,00619255668664057800;0,00619252821327657500
0,00381231671554252200;0,00635565063675298500;0,00635562144376337700
0,00391006842619745850;0,00651875847444865600;0,00651872856335531200
0,00400782013685239450;0,00668188092104226300;0,00668185029336670300
0,00410557184750733050;0,00684501871610889700;0,00684498737337299700
0,00420332355816226650;0,00700817261748549240;0,00700814056121076050
0,00430107526881720260;0,00717134340126936800;0,00717131063297768600
0,00439882697947213900;0,00733453186181972000;0,00733449838303258300
0,00449657869012707500;0,00749773881175609100;0,00749770462399538900
0,00459433040078201100;0,00766096508195994100;0,00766093018674715900
0,00469208211143694700;0,00782421152157304100;0,00782417592043007200
0,00478983382209188300;0,00798747899799911100;0,00798744269244742700
0,00488758553274681900;0,00815076839690214600;0,00815073138846364800
0,00498533724340175500;0,00831408062220813400;0,00831404291240428100
0,00508308895405669100;0,00847741659610329000;0,00847737818645599200
0,00518084066471162700;0,00864077725903586800;0,00864073815106657000
0,00527859237536656300;0,00880416356971431200;0,00880412376494492700
0,00537634408602149900;0,00896757650510913300;0,00896753600506109700
0,00547409579667643500;0,00913101706045100500;0,00913097586664623300
0,00557184750733137100;0,00929448624923269800;0,00929444436319261600
0,00566959921798630700;0,00945798510320711000;0,00945794252645364500
0,00576735092864124300;0,00962151467238928400;0,00962147140644384200
0,00586510263929617900;0,00978507602505433600;0,00978503207143884700
0,00596285434995111500;0,00994867024773957000;0,00994862560797543300
0,00606060606060605100;0,01011229844524232800;0,01011225312085148300
0,00615835777126098700;0,01027596174062218300;0,01027591573312601000
0,00625610948191592300;0,01043966127519870000;0,01043961458611914600
0,00635386119257085900;0,01060339820855370900;0,01060335083941214500
0,00645161290322579500;0,01076717371852901000;0,01076712567084738400
0,00654936461388073100;0,01093098900122869000;0,01093094027652836300
0,00664711632453566700;0,01109484527101677400;0,01109479587081970200
0,00674486803519060300;0,01125874376051961400;0,01125869368634714400
0,00684261974584553900;0,01142268572062345900;0,01142263497399755500
0,00694037145650047500;0,01158667242047692900;0,01158662100291892200
0,00703812316715541100;0,01175070514748849600;0,01175065306052035400
0,00713587487781034700;0,01191478520732904000;0,01191473245247208300
0,00723362658846528300;0,01207891392392926300;0,01207886050270546600
0,00733137829912021900;0,01224309263948230100;0,01224303855341297300
0,00742913000977515540;0,01240732271444108500;0,01240726796504820600
0,00752688172043009150;0,01257160552752101400;0,01257155011632588400
0,00762463343108502750;0,01273594247569724600;0,01273588640422184900
0,00772238514173996350;0,01290033497420744300;0,01290027824397306300
0,00782013685239490000;0,01306478445654898700;0,01306472706907762000
0,00791788856304983600;0,01322929237448180000;0,01322923433129472000
0,00801564027370477200;0,01339386019802549800;0,01339380150064469800
0,00811339198435970800;0,01355848941546225800;0,01355843006540900800
0,00821114369501464400;0,01372318153333392800;0,01372312153213022100
0,00830889540566958000;0,01388793807644494100;0,01388787742561203700
0,00840664711632451600;0,01405276058785937200;0,01405269928891927600
0,00850439882697945200;0,01421765062890391900;0,01421758868337787700
0,00860215053763438800;0,01438260977916488500;0,01438254718857490100
0,00869990224828932400;0,01454763963649122900;0,01454757640235854000
0,00879765395894426000;0,01471274181699148000;0,01471267794083809900
0,00889540566959919600;0,01487791795503685300;0,01487785343838400600
0,00899315738025413200;0,01504316970325811000;0,01504310454762781400
0,00909090909090906800;0,01520849873254873000;0,01520843293946219800
0,00918866080156400400;0,01537390673206169700;0,01537384030304095300
0,00928641251221894000;0,01553939540921275500;0,01553932834577899900
0,00938416422287387600;0,01570496648967711000;0,01570489879335237200
0,00948191593352881200;0,01587062171739276800;0,01587055338969824000
0,00957966764418374800;0,01603636285455717000;0,01603629389701489000
0,00967741935483868400;0,01620219168163058300;0,01620212209576171700
0,00977517106549362000;0,01636810999733267000;0,01636803978465926000
0,00987292277614855600;0,01653411961864595700;0,01653404878068916500
0,00997067448680349200;0,01670022238081233400;0,01670015091909420700
0,01006842619745842800;0,01686642013733658700;0,01686634805337828400
0,01016617790811336400;0,01703271475998283800;0,01703264205530641300
0,01026392961876830000;0,01719910813877814300;0,01719903481490473000
0,01036168132942323600;0,01736560218200883600;0,01736552824046049300
0,01045943304007817200;0,01753219881622423600;0,01753212425852209600
0,01055718475073310800;0,01769889998623291000;0,01769882481389903700
0,01065493646138804400;0,01786570765510643200;0,01786563186966194600
0,01075268817204298000;0,01803262380417560000;0,01803254740714257600
0,01085043988269791600;0,01819965043303426000;0,01819957342593379500
0,01094819159335285200;0,01836678955953542300;0,01836671194388960000
0,01104594330400778800;0,01853404321979520000;0,01853396499712510500
0,01114369501466272400;0,01870141346818884200;0,01870133464001655400
0,01124144672531766000;0,01886890237735469600;0,01886882294520130000
0,01133919843597259700;0,01903651203819025000;0,01903643200357783000
0,01143695014662753300;0,01920424455985612600;0,01920416392430575300
0,01153470185728246900;0,01937210206977201300;0,01937202083480579000
0,01163245356793740500;0,01954008671362081700;0,01954000488075979000
0,01173020527859234000;0,01970820065534445800;0,01970811822611072800
0,01182795698924727700;0,01987644607714808000;0,01987636305306269400
0,01192570869990221300;0,02004482517949584400;0,02004474156208090400
0,01202346041055714900;0,02021334018111515700;0,02021325597189170200
0,01212121212121208500;0,02038199331899240000;0,02038190851948254000
0,01221896383186702000;0,02055078684837724000;0,02055070146010200300
0,01231671554252195700;0,02071972304277829700;0,02071963706725979400
0,01241446725317689300;0,02088880419396749500;0,02088871763272674000
0,01251221896383182900;0,02105803261197568000;0,02105794546653479000
0,01260997067448676500;0,02122741062509703500;0,02122732289697701300
0,01270772238514170100;0,02139694057988462600;0,02139685227060760300
0,01280547409579663700;0,02156662484115491000;0,02156653595224187300
0,01290322580645157300;0,02173646579198317000;0,02173637632495626000
0,01300097751710650900;0,02190646583370814000;0,02190637579008832300
0,01309872922776144500;0,02207662738592731600;0,02207653676723674700
0,01319648093841638100;0,02224695288650169200;0,02224686169426133000
0,01329423264907131700;0,02241744479155100300;0,02241735302728299600
0,01339198435972625300;0,02258810557545849000;0,02258801324068379600
0,01348973607038119000;0,02275893773086614000;0,02275884482710690000
0,01358748778103612500;0,02292994376867943700;0,02292985029745659600
0,01368523949169106100;0,02310112621806258500;0,02310103218089830400
0,01378299120234599700;0,02327248762644334300;0,02327239302485855000
0,01388074291300093300;0,02344403055950814200;0,02344393539502500500
0,01397849462365587000;0,02361575760120700200;0,02361566187534643700
0,01407624633431080500;0,02378767135374858000;0,02378757506803275000
0,01417399804496574100;0,02395977443760516000;0,02395967759355497800
0,01427174975562067700;0,02413206949150762200;0,02413197209064525700
0,01436950146627561300;0,02430455917245050500;0,02430446121629686000
0,01446725317693055000;0,02447724615568692600;0,02447714764576417600
0,01456500488758548500;0,02465013313473369000;0,02465003407256272400
0,01466275659824042100;0,02482322282136612700;0,02482312320846913000
0,01476050830889535800;0,02499651794562331000;0,02499641778352115400
0,01485826001955029400;0,02517002125580280000;0,02516992054601767700
0,01495601173020523000;0,02534373551846593300;0,02534363426251869800
0,01505376344086016600;0,02551766351843248000;0,02551756171784534300
0,01515151515151510200;0,02569180805878605000;0,02569170571507986000
0,01524926686217003800;0,02586617196086865200;0,02586606907556560800
0,01534701857282497400;0,02604075806428614000;0,02604065463890708300
0,01544477028347991000;0,02621556922690275800;0,02621546526296989600
0,01554252199413484600;0,02639060832484662000;0,02639050382388078200
0,01564027370478978200;0,02656587825250420000;0,02656577321602759300
0,01573802541544472000;0,02674138192252587000;0,02674127635205931400
0,01583577712609965700;0,02691712226582032000;0,02691701616288604300
0,01593352883675459500;0,02709310223156019500;0,02709299559767900000
0,01603128054740953300;0,02726932478717642000;0,02726921762387053000
0,01612903225806447000;0,02744579291836389000;0,02744568522715410200
0,01622678396871941000;0,02762250962907575300;0,02762240141148430300
0,01632453567937434600;0,02779947794152917700;0,02779936919907684300
0,01642228739002928400;0,02797670089619954200;0,02797659163040855700
0,01652003910068422000;0,02815418155182626200;0,02815407176421740000
0,01661779081133916000;0,02833192298540694300;0,02833181267750244800
0,01671554252199409700;0,02850992829220327200;0,02850981746552390400
0,01681329423264903500;0,02868820058573509000;0,02868808924180308400
0,01691104594330397300;0,02886674299778632300;0,02886663113812243700
0,01700879765395891000;0,02904555867839904000;0,02904544630452552500
0,01710654936461384800;0,02922465079587944000;0,02922453790931703700
0,01720430107526878600;0,02940402253679181400;0,02940390913906278500
0,01730205278592372400;0,02958367710596462500;0,02958356319858969700
0,01739980449657866000;0,02976361772648440000;0,02976350331098583400
0,01749755620723360000;0,02994384763970185000;0,02994373271760036500
0,01759530791788853700;0,03012437010522573000;0,03012425467804359300
0,01769305962854347500;0,03030518840092901600;0,03030507247018694000
0,01779081133919841300;0,03048630582294268800;0,03048618939016294400
0,01788856304985335000;0,03066772568566199200;0,03066760875236527300
0,01798631476050828800;0,03084945132174012800;0,03084933388944871600
0,01808406647116322600;0,03103148608209460000;0,03103136815232917700
0,01818181818181816400;0,03121383333590083500;0,03121371491018369000
0,01827956989247310000;0,03139649647059861000;0,03139637755045041000
0,01837732160312804000;0,03157947889188556700;0,03157935947882861000
0,01847507331378297700;0,03176278402372375000;0,03176266411927869000
0,01857282502443791500;0,03194641530833302000;0,03194629491402216400
0,01867057673509285200;0,03213037620619768600;0,03213025532354167600
0,01876832844574779000;0,03231467019605983000;0,03231454882658100000
0,01886608015640272800;0,03249930077492603500;0,03249917892014500500
0,01896383186705766600;0,03268427145806064000;0,03268414911949972000
0,01906158357771260300;0,03286958577899242600;0,03286946295817226000
0,01915933528836754000;0,03305524728950798000;0,03305512398795088000
0,01925708699902248000;0,03324125955965838000;0,03324113577888495500
0,01935483870967741700;0,03342762617775241000;0,03342750191928498000
0,01945259042033235400;0,03361435075036340500;0,03361422601572258000
0,01955034213098729200;0,03380143690232238000;0,03380131169303049500
0,01964809384164223000;0,03398888827672493600;0,03398876259430258500
0,01974584555229716800;0,03417670853492431000;0,03417658238089383400
0,01984359726295210600;0,03436490135653837000;0,03436477473242035400
0,01994134897360704300;0,03455347043944259600;0,03455334334675936500
0,02003910068426198000;0,03474241949977708400;0,03474229194004923400
0,02013685239491692000;0,03493175227193956000;0,03493162424668942000
0,02023460410557185700;0,03512147250859238000;0,03512134401934053000
0,02033235581622679400;0,03531158398065549000;0,03531145502892427000
0,02043010752688173200;0,03550209047731352000;0,03550196106462349000
0,02052785923753667000;0,03569299580600864000;0,03569286593388215000
0,02062561094819160800;0,03588430379244773000;0,03588417346240533500
0,02072336265884654500;0,03607601828059520000;0,03607588749415924000
0,02082111436950148300;0,03626814313268020000;0,03626801189137121600
0,02091886608015642000;0,03646068222918935000;0,03646055053452969000
0,02101661779081136000;0,03665363946887404600;0,03665350732238425000
0,02111436950146629600;0,03684701876874315000;0,03684688617194559000
0,02121212121212123400;0,03704082406407033000;0,03704069101848552600
0,02130987292277617200;0,03723505930838668000;0,03723492581553699000
0,02140762463343111000;0,03742972847348810500;0,03742959453489405000
0,02150537634408604800;0,03762483554942794000;0,03762470116661188000
0,02160312805474098500;0,03782038454452437000;0,03782024971900680000
0,02170087976539592300;0,03801637948535292000;0,03801624421865623000
0,02179863147605086000;0,03821282441675405400;0,03821268871039872000
0,02189638318670580000;0,03840972340182552400;0,03840958725733394000
0,02199413489736073600;0,03860708052193005000;0,03860694394082269000
0,02209188660801567400;0,03880489987668763000;0,03880476286048688000
0,02218963831867061200;0,03900318558398322000;0,03900304813420955000
0,02228739002932555000;0,03920194177995905000;0,03920180389813486500
0,02238514173998048700;0,03940117261902235000;0,03940103430666809500
0,02248289345063542500;0,03960088227383758000;0,03960074353247566000
0,02258064516129036300;0,03980107493533421000;0,03980093576648508000
0,02267839687194530000;0,04000175481269895000;0,04000161521788500000
0,02277614858260024000;0,04020292613338352600;0,04020278611412519000
0,02287390029325517600;0,04040459314309685600;0,04040445270091656000
0,02297165200391011400;0,04060676010581295000;0,04060661924223111000
0,02306940371456505000;0,04080943130376294600;0,04080929002030197000
0,02316715542521999000;0,04101261103744311500;0,04101246933562342000
0,02326490713587492700;0,04121630362560681000;0,04121616150695082000
0,02336265884652986500;0,04142051340527257000;0,04142037087130069600
0,02346041055718480300;0,04162524473171600000;0,04162510178395066000
0,02355816226783974000;0,04183050197847786000;0,04183035861843946000
0,02365591397849468000;0,04203628953735599000;0,04203614576656697000
0,02375366568914961600;0,04224261181841343400;0,04224246763839418000
0,02385141739980455400;0,04244947324997025400;0,04244932866224320600
0,02394916911045949000;0,04265687827861175000;0,04265673328469728000
0,02404692082111443000;0,04286483136918020600;0,04286468597060076600
0,02414467253176936700;0,04307333700478318400;0,04307319120305914000
0,02424242424242430500;0,04328239968678521000;0,04328225348343902000
0,02434017595307924300;0,04349202393481609000;0,04349187733136810500
0,02443792766373418000;0,04370221428676258000;0,04370206728473526000
0,02453567937438911800;0,04391297529877675000;0,04391282789969045000
0,02463343108504405600;0,04412431154526759400;0,04412416375064476000
0,02473118279569899400;0,04433622761890943600;0,04433607943027041000
0,02482893450635393000;0,04454872813063350000;0,04454857954950074000
0,02492668621700887000;0,04476181770963636600;0,04476166873753020000
0,02502443792766380700;0,04497550100337148000;0,04497535164181437000
0,02512218963831874500;0,04518978267755767400;0,04518963292806995500
0,02521994134897368200;0,04540466741617064000;0,04540451728027478000
0,02531769305962862000;0,04562015992145147000;0,04562000940066779000
0,02541544477028355800;0,04583626491389810000;0,04583611400974904600
0,02551319648093849600;0,04605298713227385500;0,04605283584627975000
0,02561094819159343400;0,04627033133359889600;0,04627017966728220000
0,02570869990224837000;0,04648830229315881000;0,04648815024803985000
0,02580645161290331000;0,04670690480449600500;0,04670675238209725000
0,02590420332355824700;0,04692614367941831000;0,04692599088126006000
0,02600195503421318500;0,04714602374799036600;0,04714587057559510600
0,02609970674486812200;0,04736654985854229400;0,04736639631343029400
0,02619745845552306000;0,04758772687766091000;0,04758757296135468500
0,02629521016617799800;0,04780955969019863600;0,04780940540421843000
0,02639296187683293600;0,04803205319926450600;0,04803189854513283000
0,02649071358748787300;0,04825521232623317000;0,04825505730547029000
0,02658846529814281000;0,04847904201073592600;0,04847888662486435000
0,02668621700879775000;0,04870354721066968000;0,04870339146120965000
0,02678396871945268700;0,04892873290218797000;0,04892857679066199600
0,02688172043010762400;0,04915460407970994500;0,04915444760763826000
0,02697947214076256200;0,04938116575591137000;0,04938100892481648400
0,02707722385141750000;0,04960842296173363600;0,04960826577313580400
0,02717497556207243800;0,04983638074637474600;0,04983622320179648000
0,02727272727272737500;0,05006504417729837000;0,05006488627825991000
0,02737047898338231300;0,05029441834022475000;0,05029426008824860000
0,02746823069403725000;0,05052450833913981000;0,05052434973574619000
0,02756598240469219000;0,05075531929628601000;0,05075516034299743000
0,02766373411534712700;0,05098685635217151000;0,05098669705050819000
0,02776148582600206400;0,05121912466556102000;0,05121896501704548000
0,02785923753665700200;0,05145212941348497000;0,05145196941963741500
0,02795698924731194000;0,05168587579123027500;0,05168571545357324000
0,02805474095796687800;0,05192036901234963000;0,05192020833240332000
0,02815249266862181500;0,05215561430865220000;0,05215545328793915000
0,02825024437927675300;0,05239161693021292000;0,05239145557025333000
0,02834799608993169000;0,05262838214536319500;0,05262822044767959000
0,02844574780058663000;0,05286591524070023000;0,05286575320681279000
0,02854349951124156600;0,05310422152107762600;0,05310405915250890000
0,02864125122189650400;0,05334330630961489600;0,05334314360788504000
0,02873900293255144200;0,05358317494768782000;0,05358301191431940000
0,02883675464320638000;0,05382383279493820000;0,05382366943145134000
0,02893450635386131700;0,05406528522926403000;0,05406512153718131400
0,02903225806451625500;0,05430753764682936000;0,05430737362767092000
0,02913000977517119300;0,05455059546205444400;0,05455043111734287000
0,02922776148582613000;0,05479446410762557600;0,05479429943888098000
0,02932551319648107000;0,05503914903448524400;0,05503898404323020000
0,02942326490713600600;0,05528465571184199000;0,05528449039959662500
0,02952101661779094400;0,05553098962716055000;0,05553082399544745000
0,02961876832844588200;0,05577815628617170000;0,05577799033651097000
0,02971652003910082000;0,05602616121286243000;0,05602599494677665000
0,02981427174975575700;0,05627500994948575500;0,05627484336849505000
0,02991202346041069500;0,05652470805655089600;0,05652454116217785000
0,03000977517106563300;0,05677526111283316000;0,05677509390659786500
0,03010752688172057000;0,05702667471536397600;0,05702650719878902000
0,03020527859237551000;0,05727895447944090000;0,05727878665404636400
0,03030303030303044600;0,05753210603861759500;0,05753193790592607500
0,03040078201368538400;0,05778613504471388000;0,05778596660624545000
0,03049853372434032000;0,05804104716780564000;0,05804087842508291000
0,03059628543499526000;0,05829684809623495000;0,05829667905077799000
0,03069403714565019700;0,05855354353659994000;0,05855337418993136000
0,03079178885630513500;0,05881113921376493500;0,05881096956740479400
0,03088954056696007300;0,05906964087085030000;0,05906947092632120600
0,03098729227761501000;0,05932905426924261000;0,05932888402806462500
0,03108504398826994800;0,05958938518858447600;0,05958921465228020400
0,03118279569892488600;0,05985063942678471000;0,05985046859687421400
0,03128054740957982000;0,06011282280000817000;0,06011265167801404000
0,03137829912023476000;0,06037594114268592000;0,06037576973012822000
0,03147605083088969600;0,06064000030750503000;0,06063982860590637300
0,03157380254154463400;0,06090500616541886000;0,06090483417629928600
0,03167155425219957000;0,06117096460563669000;0,06117079233051882000
0,03176930596285451000;0,06143788153563413400;0,06143770897603799400
0,03186705767350945000;0,06170576288114272000;0,06170559003859093000
0,03196480938416438500;0,06197461458616030500;0,06197444146217287500
0,03206256109481932000;0,06224444261294065400;0,06224426920904021400
0,03216031280547426000;0,06251525294200387000;0,06251507925971043000
0,03225806451612920000;0,06278705157212595000;0,06278687761296214000
0,03235581622678413600;0,06305984452034924000;0,06305967028583509000
0,03245356793743907000;0,06333363782197200000;0,06333346331363014000
0,03255131964809401000;0,06360843753055884000;0,06360826274990927000
0,03264907135874895000;0,06388424971793020000;0,06388407466649560000
0,03274682306940389000;0,06416108047417300000;0,06416090515347332000
0,03284457478005882400;0,06443893590762989000;0,06443876031918780000
0,03294232649071376000;0,06471782214491002000;0,06471764629024553000
0,03304007820136870000;0,06499774533087830000;0,06499756921151408000
0,03313782991202364000;0,06527871162866616000;0,06527853524612218000
0,03323558162267857600;0,06556072721966076000;0,06556055057545965000
0,03333333333333351000;0,06584379830351574000;0,06584362139917746000
0,03343108504398845000;0,06612793109814050000;0,06612775393518770000
0,03352883675464339000;0,06641313183971093000;0,06641295441966356000
0,03362658846529833000;0,06669940678265865000;0,06669922910703939000
0,03372434017595326400;0,06698676219968182000;0,06698658427001061000
0,03382209188660820000;0,06727520438173432000;0,06727502619953381000
0,03391984359726314000;0,06756473963803653000;0,06756456120482666000
0,03401759530791808000;0,06785537429606453000;0,06785519561336800000
0,03411534701857301500;0,06814711470156100000;0,06814693577089777000
0,03421309872922795000;0,06843996721852427000;0,06843978804141701000
0,03431085043988289000;0,06873393822921926000;0,06873375880718789000
0,03440860215053783000;0,06902903413416653000;0,06902885446873375000
0,03450635386119276600;0,06932526135215326000;0,06932508144483898000
0,03460410557184770400;0,06962262632022226000;0,06962244617254916000
0,03470185728250264000;0,06992113549368294000;0,06992095510717095000
0,03479960899315758000;0,07022079534610033000;0,07022061472227212000
0,03489736070381252000;0,07052161236930612000;0,07052143150968160000
0,03499511241446745500;0,07082359307338756000;0,07082341197948942000
0,03509286412512239000;0,07112674398669859000;0,07112656266004676000
0,03519061583577733000;0,07143107165584872000;0,07143089009796588000
0,03528836754643227000;0,07173658264571411000;0,07173640085812018000
0,03538611925708720600;0,07204328353942652000;0,07204310152364420000
0,03548387096774214400;0,07235118093838439000;0,07235099869593356000
0,03558162267839708000;0,07266028146224171000;0,07266009899464507000
0,03567937438905202000;0,07297059174891912000;0,07297040905769658000
0,03577712609970696000;0,07328211845459290000;0,07328193554126712000
0,03587487781036189500;0,07359486825370594000;0,07359468511979683000
0,03597262952101683000;0,07390884783895672000;0,07390866448598697000
0,03607038123167177000;0,07422406392131040000;0,07422388035079991000
0,03616813294232671000;0,07454052322998770000;0,07454033944345914000
0,03626588465298164600;0,07485823251247604000;0,07485804851144931000
0,03636363636363658400;0,07517719853451837000;0,07517701432051616000
0,03646138807429152000;0,07549742808012434000;0,07549724365466653000
0,03655913978494646000;0,07581892795155913000;0,07581874331616845000
0,03665689149560140000;0,07614170496935470000;0,07614152012555100000
0,03675464320625633500;0,07646576597229843000;0,07646558092160444000
0,03685239491691127000;0,07679111781744450000;0,07679093256138010000
0,03695014662756621000;0,07711776738010259000;0,07711758192019048000
0,03704789833822115000;0,07744572155384913000;0,07744553589160917000
0,03714565004887608600;0,07777498725051600000;0,07777480138747090000
0,03724340175953102400;0,07810557140020190000;0,07810538533787151000
0,03734115347018596000;0,07843748095126095000;0,07843729469116795000
0,03743890518084090000;0,07877072287031409000;0,07877053641397834000
0,03753665689149584000;0,07910530414223768000;0,07910511749118188000
0,03763440860215077500;0,07944123177017491000;0,07944104492591890000
0,03773216031280571000;0,07977851277552438000;0,07977832573959084000
0,03782991202346065000;0,08011715419795150000;0,08011696697186033000
0,03792766373411559000;0,08045716309537712000;0,08045697568065100000
0,03802541544477052600;0,08079854654398895000;0,08079835894214772000
0,03812316715542546400;0,08114131163823002000;0,08114112385079640000
0,03822091886608040000;0,08148546549081027000;0,08148527751930415000
0,03831867057673534000;0,08183101523269505000;0,08183082707863912000
0,03841642228739028000;0,08217796801311654000;0,08217777967803064000
0,03851417399804521500;0,08252633099956226000;0,08252614248496913000
0,03861192570870015000;0,08287611137778671000;0,08287592268520616000
0,03870967741935509000;0,08322731635179963000;0,08322712748275439000
0,03880742913001003000;0,08357995314387773000;0,08357976409988763000
0,03890518084066496600;0,08393402899455304000;0,08393383977714079000
0,03900293255131990300;0,08428955116262452000;0,08428936177330994000
0,03910068426197484000;0,08464652692514636000;0,08464633736545220000
0,03919843597262978000;0,08500496357743981000;0,08500477384888588000
0,03929618768328472000;0,08536486843308135000;0,08536467853719040000
0,03939393939393965500;0,08572624882391444000;0,08572605876220630000
0,03949169110459459000;0,08608911210003780000;0,08608892187403519000
0,03958944281524953000;0,08645346562981716000;0,08645327524103990000
0,03968719452590447000;0,08681931679987348000;0,08681912624984428000
0,03978494623655940600;0,08718667301509467000;0,08718648230533338000
0,03988269794721434000;0,08755554169862399000;0,08755535083065333000
0,03998044965786928000;0,08792593029187162000;0,08792573926721140000
0,04007820136852422000;0,08829784625450302000;0,08829765507467596000
0,04017595307917916000;0,08867129706445064000;0,08867110573097654000
0,04027370478983409400;0,08904629021790213000;0,08904609873230376000
0,04037145650048903000;0,08942283322931226000;0,08942264159310939000
0,04046920821114397000;0,08980093363139088000;0,08980074184610626000
0,04056695992179891000;0,09018059897511499000;0,09018040704226843000
0,04066471163245384500;0,09056183682971670000;0,09056164475083095000
0,04076246334310878000;0,09094465478269528000;0,09094446255929012000
0,04086021505376372000;0,09132906043980508000;0,09132886807340326000
0,04095796676441866000;0,09171506142506759000;0,09171486891718891000
0,04105571847507359700;0,09210266538075941000;0,09210247273292661000
0,04115347018572853400;0,09249187996742428000;0,09249168718115713000
0,04125122189638347000;0,09288271286386106000;0,09288251994068233000
0,04134897360703841000;0,09327517176713569000;0,09327497870856516000
0,04144672531769335000;0,09366926439256928000;0,09366907120012971000
0,04154447702834828500;0,09406499847375006000;0,09406480514896123000
0,04164222873900322000;0,09446238176252135000;0,09446218830690603000
0,04173998044965816000;0,09486142202899363000;0,09486122844407160000
0,04183773216031310000;0,09526212706153248000;0,09526193334882650000
0,04193548387096803600;0,09566450466677061000;0,09566431082780046000
0,04203323558162297400;0,09606856266959583000;0,09606836870588428000
0,04213098729227791000;0,09647430891316312000;0,09647411482622993000
0,04222873900293285000;0,09688175125888254000;0,09688155705025048000
0,04232649071358779000;0,09729089758643130000;0,09729070325762013000
0,04242424242424272500;0,09770175579374170000;0,09770156134627417000
0,04252199413489766000;0,09811433379701319000;0,09811413923240908000
0,04261974584555260000;0,09852863953070035000;0,09852844485048240000
0,04271749755620754000;0,09894468094752484000;0,09894448615321280000
0,04281524926686247600;0,09936246601846350000;0,09936227111158012000
0,04291300097751741400;0,09978200273276024000;0,09978180771482527000
0,04301075268817235000;0,10020329909791409000;0,10020310397045028000
0,04310850439882729000;0,10062636313969126000;0,10062616790421836000
0,04320625610948223000;0,10105120290211300000;0,10105100756015377000
0,04330400782013716500;0,10147782644746775000;0,10147763100054197000
0,04340175953079210000;0,10190624185629905000;0,10190604630592943000
0,04349951124144704000;0,10233645722741756000;0,10233626157512388000
0,04359726295210198000;0,10276848067788907000;0,10276828492519406000
0,04369501466275691600;0,10320232034304648000;0,10320212449146990000
0,04379276637341185400;0,10363798437647782000;0,10363778842754240000
0,04389051808406679000;0,10407548095003824000;0,10407528490526374000
0,04398826979472173000;0,10451481825383802000;0,10451462211474716000
0,04408602150537667000;0,10495600449625453000;0,10495580826436710000
0,04418377321603160500;0,10539904790392031000;0,10539885158075901000
0,04428152492668654000;0,10584395672173498000;0,10584376030881958000
0,04437927663734148000;0,10629073921285330000;0,10629054271170654000
0,04447702834799642000;0,10673940365869716000;0,10673920707083878000
0,04457478005865135600;0,10718995835894356000;0,10718976168589630000
0,04467253176930629400;0,10764241163153661000;0,10764221487482027000
0,04477028347996123000;0,10809677181267556000;0,10809657497381288000
0,04486803519061617000;0,10855304725682680000;0,10855285033733753000
0,04496578690127111000;0,10901124633671180000;0,10901104933811867000
0,04506353861192604500;0,10947137744331921000;0,10947118036714198000
0,04516129032258098000;0,10993344898589273000;0,10993325183365416000
0,04525904203323592000;0,11039746939194323000;0,11039727216516307000
0,04535679374389086000;0,11086344710723670000;0,11086324980743770000
0,04545454545454579600;0,11133139059580623000;0,11133119322450814000
0,04555229716520073400;0,11180130833994004000;0,11180111089866562000
0,04565004887585567000;0,11227320884019348000;0,11227301133046250000
0,04574780058651061000;0,11274710061537706000;0,11274690303871224000
0,04584555229716555000;0,11322299220256833000;0,11322279456048942000
0,04594330400782048500;0,11370089215710003000;0,11370069445112976000
0,04604105571847542000;0,11418080905257195000;0,11418061128423013000
0,04613880742913036000;0,11466275148083908000;0,11466255365164843000
0,04623655913978530000;0,11514672805202349000;0,11514653016350378000
0,04633431085044023600;0,11563274739450238000;0,11563254944817636000
0,04643206256109517000;0,11612081815492009000;0,11612062015230751000
0,04652981427175011000;0,11661094899817608000;0,11661075094079966000
0,04662756598240505000;0,11710314860743688000;0,11710295049681640000
0,04672531769305999000;0,11759742568412420000;0,11759722752178240000
0,04682306940371492400;0,11809378894792683000;0,11809359073538349000
0,04692082111436986000;0,11859224713678873000;0,11859204887556660000
0,04701857282502480000;0,11909280900692096000;0,11909261069853977000
0,04711632453567974000;0,11959548333278970000;0,11959528497877220000
0,04721407624633467600;0,12010027890712824000;0,12010008050899419000
0,04731182795698961000;0,12060720454092500000;0,12060700610019714000
0,04740957966764455000;0,12111626906343550000;0,12111607058163364000
0,04750733137829949000;0,12162748132217045000;0,12162728280081730000
0,04760508308895443000;0,12214085018290764000;0,12214065162352297000
0,04770283479960936400;0,12265638452967997000;0,12265618593378651000
0,04780058651026430000;0,12317409326478748000;0,12317389463390499000
0,04789833822091924000;0,12369398530878531000;0,12369378664443653000
0,04799608993157418000;0,12421606960049573000;0,12421587090420044000
0,04809384164222911500;0,12474035509699616000;0,12474015637027710000
0,04819159335288405000;0,12526685077363112000;0,12526665201800807000
0,04828934506353899000;0,12579556562400027000;0,12579536684099593000
0,04838709677419393000;0,12632650865997033000;0,12632630985110452000
0,04848484848484886600;0,12685968891166327000;0,12685949007845865000
0,04858260019550380400;0,12739511542746806000;0,12739491657144442000
0,04868035190615874000;0,12793279727402884000;0,12793259839670890000
0,04877810361681368000;0,12847274353625684000;0,12847254463916033000
0,04887585532746862000;0,12901496331731846000;0,12901476440196816000
0,04897360703812355500;0,12955946573864716000;0,12955926680656282000
0,04907135874877849000;0,13010625993993155000;0,13010606099263597000
0,04916911045943343000;0,13065535507912746000;0,13065515611814033000
0,04926686217008837000;0,13120676033244570000;0,13120656135928980000
0,04936461388074330600;0,13176048489436430000;0,13176028591055933000
0,04946236559139824400;0,13231653797761630000;0,13231633898468503000
0,04956011730205318000;0,13287492881320198000;0,13287472981266418000
0,04965786901270812000;0,13343566665037670000;0,13343546764375508000
0,04975562072336306000;0,13399876075666295000;0,13399856174547725000
0,04985337243401799500;0,13456422041783830000;0,13456402140361123000
0,04995112414467293000;0,13513205493794747000;0,13513185592219880000
0,05004887585532787000;0,13570227363929030000;0,13570207462354278000
0,05014662756598281000;0,13627488586243375000;0,13627468684820712000
0,05024437927663774600;0,13684990096619992000;0,13684970195501694000
0,05034213098729268400;0,13742732832767804000;0,13742712932105844000
0,05043988269794762000;0,13800717734221243000;0,13800697834167890000
0,05053763440860256000;0,13858945742341455000;0,13858925843048686000
0,05063538611925750000;0,13917417800315096000;0,13917397901935183000
0,05073313782991243500;0,13976134853155536000;0,13976114955840452000
0,05083088954056737000;0,14035097847701658000;0,14035077951603678000
0,05092864125122231000;0,14094307732619057000;0,14094287837890151000
0,05102639296187725000;0,14153765458398834000;0,14153745565191280000
0,05112414467253218600;0,14213471977358808000;0,14213452085824582000
0,05122189638318712400;0,14273428243642310000;0,14273408353933692000
0,05131964809384206000;0,14333635213219387000;0,14333615325488344000
0,05141739980449700000;0,14394093843885591000;0,14394073958284404000
0,05151515151515194000;0,14454805095263193000;0,14454785211943832000
0,05161290322580687500;0,14515769928799974000;0,14515750047914710000
0,05171065493646181000;0,14576989307770420000;0,14576969429471232000
0,05180840664711675000;0,14638464197274534000;0,14638444321713698000
0,05190615835777169000;0,14700195564239038000;0,14700175691568526000
0,05200391006842662600;0,14762184377416160000;0,14762164507788247000
0,05210166177908156400;0,14824431607384840000;0,14824411740951499000
0,05219941348973650000;0,14886938226549530000;0,14886918363463034000
0,05229716520039144000;0,14949705209141395000;0,14949685349553718000
0,05239491691104638000;0,15012733531217118000;0,15012713675280530000
0,05249266862170131500;0,15076024170660080000;0,15076004318526560000
0,05259042033235625000;0,15139578107179183000;0,15139558259001007000
0,05268817204301119000;0,15203396322310045000;0,15203376478239190000
0,05278592375366613000;0,15267479799413790000;0,15267459959602525000
0,05288367546432106600;0,15331829523678260000;0,15331809688278558000
0,05298142717497600400;0,15396446482116800000;0,15396426651280942000
0,05307917888563094000;0,15461331663569475000;0,15461311837449437000
0,05317693059628588000;0,15526486058701863000;0,15526466237449915000
0,05327468230694082000;0,15591910660006253000;0,15591890843774364000
0,05337243401759575500;0,15657606461800444000;0,15657586650740890000
0,05347018572825069000;0,15723574460228948000;0,15723554654493693000
0,05356793743890563000;0,15789815653261788000;0,15789795853003110000
0,05366568914956057000;0,15856331040695698000;0,15856311246065570000
0,05376344086021550600;0,15923121624152922000;0,15923101835303620000
0,05386119257087044000;0,15990188407082426000;0,15990168624165924000
0,05395894428152538000;0,16057532394758683000;0,16057512617927255000
0,05405669599218032000;0,16125154594282873000;0,16125134823688492000
0,05415444770283526000;0,16193056014581694000;0,16193036250376640000
0,05425219941349019400;0,16261237666408554000;0,16261217908744807000
0,05434995112414513000;0,16329700562342380000;0,16329680811372210000
0,05444770283480007000;0,16398445716788806000;0,16398425972664185000
0,05454545454545501000;0,16467474145978972000;0,16467454408852178000
0,05464320625610994500;0,16536786867970740000;0,16536767137993750000
0,05474095796676488000;0,16606384902647484000;0,16606365179972565000
0,05483870967741982000;0,16676269271719285000;0,16676249556498413000
0,05493646138807476000;0,16746440998721740000;0,16746421291107189000
0,05503421309872969700;0,16816901109017154000;0,16816881409160890000
0,05513196480938463400;0,16887650629793347000;0,16887630937847647000
0,05522971652003957000;0,16958690590064843000;0,16958670906181683000
0,05532746823069451000;0,17030022020671692000;0,17030002345003348000
0,05542521994134945000;0,17101645954280653000;0,17101626286979094000
0,05552297165200438500;0,17173563425383986000;0,17173543766601490000
0,05562072336265932000;0,17245775470300673000;0,17245755820189215000
0,05571847507331426000;0,17318283127175207000;0,17318263485887067000
0,05581622678396920000;0,17391087435978794000;0,17391067803665944000
0,05591397849462413600;0,17464189438508151000;0,17464169815322866000
0,05601173020527907400;0,17537590178386708000;0,17537570564480964000
0,05610948191593401000;0,17611290701063410000;0,17611271096589480000
0,05620723362658895000;0,17685292053813900000;0,17685272458923762000
0,05630498533724389000;0,17759595285739350000;0,17759575700585278000
0,05640273704789882500;0,17834201447767636000;0,17834181872501610000
0,05650048875855376000;0,17909111592652152000;0,17909092027426443000
0,05659824046920870000;0,17984326774973000000;0,17984307219939583000
0,05669599217986364000;0,18059848051135796000;0,18059828506446945000
0,05679374389051857600;0,18135676479372861000;0,18135656945180550000
0,05689149560117351400;0,18211813119742037000;0,18211793596198544000
0,05698924731182845000;0,18288259034127880000;0,18288239521385180000
0,05708699902248339000;0,18365015286240452000;0,18364995784450813000
0,05718475073313833000;0,18442082941616530000;0,18442063450931923000
0,05728250244379326500;0,18519463067618402000;0,18519443588191100000
0,05738025415444820000;0,18597156733435066000;0,18597137265417040000
0,05747800586510314000;0,18675165010081030000;0,18675145553624561000
0,05757575757575808000;0,18753488970397522000;0,18753469525654580000
0,05767350928641301600;0,18832129689051283000;0,18832110256174145000
0,05777126099706795400;0,18911088242535753000;0,18911068821676390000
0,05786901270772289000;0,18990365709169899000;0,18990346300480590000
0,05796676441837783000;0,19069963169099388000;0,19069943772732112000
0,05806451612903277000;0,19149881704295416000;0,19149862320402440000
0,05816226783968770500;0,19230122398555877000;0,19230103027289175000
0,05826001955034264000;0,19310686337504177000;0,19310666979016028000
0,05835777126099758000;0,19391574608590442000;0,19391555263032817000
0,05845552297165252000;0,19472788301090307000;0,19472768968615484000
0,05855327468230745600;0,19554328506106110000;0,19554309186866065000
0,05865102639296239400;0,19636196316565716000;0,19636177010712730000
0,05874877810361733000;0,19718392827223694000;0,19718373534909742000
0,05884652981427227000;0,19800919134660128000;0,19800899856037490000
0,05894428152492721000;0,19883776337281810000;0,19883757072502461000
0,05904203323558214500;0,19966965535321057000;0,19966946284537274000
0,05913978494623708000;0,20050487830836880000;0,20050468594200643000
0,05923753665689202000;0,20134344327713813000;0,20134325105377401000
0,05933528836754696000;0,20218536131663100000;0,20218516923778490000
0,05943304007820189600;0,20303064350221500000;0,20303045156940971000
0,05953079178885683400;0,20387930092752480000;0,20387910914228010000
0,05962854349951177000;0,20473134470445017000;0,20473115306828890000
0,05972629521016671000;0,20558678596314814000;0,20558659447759000000
0,05982404692082165000;0,20644563585203068000;0,20644544451859853000
0,05992179863147658500;0,20730790553777700000;0,20730771435799059000
0,06001955034213152000;0,20817360620532140000;0,20817341518070354000
0,06011730205278646000;0,20904274905786532000;0,20904255818993572000
0,06021505376344140000;0,20991534531686530000;0,20991515460714677000
0,06031280547409633600;0,21079140622204495000;0,21079121567205730000
0,06041055718475127000;0,21167094303138310000;0,21167075264264912000
0,06050830889540621000;0,21255396702112567000;0,21255377679516510000
0,06060606060606115000;0,21344048948577365000;0,21344029942410930000
0,06070381231671609000;0,21433052173809522000;0,21433033184224690000
0,06080156402737102500;0,21522407510911365000;0,21522388538060416000
0,06089931573802596000;0,21612116094811934000;0,21612097138846842000
0,06099706744868090000;0,21702179062265780000;0,21702160123338826000
0,06109481915933584000;0,21792597551854168000;0,21792578630117332000
0,06119257086999077600;0,21883372703983878000;0,21883353799589440000
0,06129032258064571000;0,21974505660888394000;0,21974486773988325000
0,06138807429130065000;0,22065997566626724000;0,22065978697373304000
0,06148582600195559000;0,22157849567084570000;0,22157830715629778000
0,06158357771261053000;0,22250062809973176000;0,22250043976469280000
0,06168132942326546400;0,22342638444830460000;0,22342619629429444000
0,06177908113392040000;0,22435577623019887000;0,22435558825874022000
0,06187683284457534000;0,22528881497731600000;0,22528862718992876000
0,06197458455523028000;0,22622551223981294000;0,22622532463801975000
0,06207233626588521500;0,22716587958611330000;0,22716569217143410000
0,06217008797654015000;0,22810992860289636000;0,22810974137685380000
0,06226783968719509000;0,22905767089510803000;0,22905748385922192000
0,06236559139785003000;0,23000911808594962000;0,23000893124174270000
0,06246334310850496600;0,23096428181688940000;0,23096409516588150000
0,06256109481915990000;0,23192317374765103000;0,23192298729136490000
0,06265884652981484000;0,23288580555622482000;0,23288561929618024000
0,06275659824046977000;0,23385218893885680000;0,23385200287657640000
0,06285434995112470000;0,23482233561005944000;0,23482214974706322000
0,06295210166177963000;0,23579625730260110000;0,23579607164041160000
0,06304985337243456000;0,23677396576751650000;0,23677378030765378000
0,06314760508308949000;0,23775547277409620000;0,23775528751808284000
0,06324535679374442000;0,23874079010989718000;0,23874060505925310000
0,06334310850439935000;0,23972992958073222000;0,23972974473698005000
0,06344086021505428000;0,24072290301068056000;0,24072271837534032000
0,06353861192570921000;0,24171972224207722000;0,24171953781667150000
0,06363636363636414000;0,24272039913552370000;0,24272021492157245000
0,06373411534701907000;0,24372494556987730000;0,24372476156890310000
0,06383186705767400000;0,24473337344226176000;0,24473318965578456000
0,06392961876832894000;0,24574569466805657000;0,24574551109759896000
0,06402737047898387000;0,24676192118090770000;0,24676173782798960000
0,06412512218963880000;0,24778206493271690000;0,24778188179886101000
0,06422287390029373000;0,24880613789365238000;0,24880595498037860000
0,06432062561094866000;0,24983415205213816000;0,24983396936096913000
0,06441837732160359000;0,25086611941486470000;0,25086593694732034000
0,06451612903225852000;0,25190205200677830000;0,25190186976438120000
0,06461388074291345000;0,25294196187109160000;0,25294177985536170000
0,06471163245356838000;0,25398586106927300000;0,25398567928173310000
0,06480938416422331000;0,25503376168105760000;0,25503358012322750000
0,06490713587487824000;0,25608567580443610000;0,25608549447783850000
0,06500488758553317000;0,25714161555566567000;0,25714143446182053000
0,06510263929618810000;0,25820159306925927000;0,25820141220968920000
0,06520039100684304000;0,25926562049799640000;0,25926543987422135000
0,06529814271749797000;0,26033371001291233000;0,26033352962645484000
0,06539589442815290000;0,26140587380330876000;0,26140569365568880000
0,06549364613880783000;0,26248212407674310000;0,26248194416948320000
0,06559139784946276000;0,26356247305903920000;0,26356229339365930000
0,06568914956011769000;0,26464693299427683000;0,26464675357229960000
0,06578690127077262000;0,26573551614480210000;0,26573533696774760000
0,06588465298142755000;0,26682823479121710000;0,26682805586060780000
0,06598240469208248000;0,26792510123239005000;0,26792492254974610000
0,06608015640273741000;0,26902612778544527000;0,26902594935228930000
0,06617790811339234000;0,27013132678577345000;0,27013114860362530000
0,06627565982404728000;0,27124071058702100000;0,27124053265740340000
0,06637341153470220000;0,27235429156110086000;0,27235411388553370000
0,06647116324535714000;0,27347208209818170000;0,27347190467818760000
0,06656891495601207000;0,27459409460669870000;0,27459391744379760000
0,06666666666666700000;0,27572034151334280000;0,27572016460905730000
0,06676441837732193000;0,27685083526307130000;0,27685065861892140000
0,06686217008797686000;0,27798558831909750000;0,27798541193660575000
0,06695992179863179000;0,27912461316290100000;0,27912443704358730000
0,06705767350928672000;0,28026792229421720000;0,28026774643960420000
0,06715542521994165000;0,28141552823104793000;0,28141535264265566000
0,06725317693059658000;0,28256744350965090000;0,28256726818900196000
0,06735092864125151000;0,28372368068455030000;0,28372350563316456000
0,06744868035190645000;0,28488425232852580000;0,28488407754792610000
0,06754643206256138000;0,28604917103262395000;0,28604899652433030000
0,06764418377321631000;0,28721844940614680000;0,28721827517168186000
0,06774193548387124000;0,28839210007666300000;0,28839192611754680000
0,06783968719452617000;0,28957013568999700000;0,28956996200775220000
0,06793743890518110000;0,29075256891023950000;0,29075239550638626000
0,06803519061583603000;0,29193941241973740000;0,29193923929579835000
0,06813294232649096000;0,29313067891910360000;0,29313050607659870000
0,06823069403714589000;0,29432638112720716000;0,29432620856765900000
0,06832844574780082000;0,29552653178118315000;0,29552635950611200000
0,06842619745845575000;0,29673114363642300000;0,29673097164735140000
0,06852394916911068000;0,29794022946658405000;0,29794005776503213000
0,06862170087976562000;0,29915380206357990000;0,29915363065107030000
0,06871945259042055000;0,30037187423759010000;0,30037170311564300000
0,06881720430107548000;0,30159445881705060000;0,30159428798718850000
0,06891495601173041000;0,30282156864866330000;0,30282139811240640000
0,06901270772238534000;0,30405321659738610000;0,30405304635625696000
0,06911045943304027000;0,30528941554644330000;0,30528924560196200000
0,06920821114369520000;0,30653017839731510000;0,30653000875100433000
0,06930596285435013000;0,30777551806974800000;0,30777534872312784000
0,06940371456500506000;0,30902544750174450000;0,30902527845633737000
0,06950146627565999000;0,31027997964957316000;0,31027981090689927000
0,06959921798631492000;0,31153912748775886000;0,31153895904934076000
0,06969696969696985000;0,31280290400909244000;0,31280273587645020000
0,06979472140762479000;0,31407132222462086000;0,31407115439927710000
0,06989247311827972000;0,31534439516365720000;0,31534422764713210000
0,06999022482893465000;0,31662213587377086000;0,31662196866758690000
0,07008797653958958000;0,31790455742079715000;0,31790439052647450000
0,07018572825024451000;0,31919167288882760000;0,31919150630788884000
0,07028347996089944000;0,32048349538021975000;0,32048332911418500000
0,07038123167155437000;0,32178003801558747000;0,32177987206597924000
0,07047898338220930000;0,32308131393381045000;0,32308114830214896000
0,07057673509286423000;0,32438733629202480000;0,32438717097983266000
0,07067448680351916000;0,32569811826563260000;0,32569795327442996000
0,07077223851417410000;0,32701367304829210000;0,32701350837960140000
0,07086999022482902000;0,32833401385192760000;0,32833384950726920000
0,07096774193548396000;0,32965915390671974000;0,32965898988761600000
0,07106549364613889000;0,33098910646111500000;0,33098894276908600000
0,07116324535679382000;0,33232388478181610000;0,33232372141838450000
0,07126099706744875000;0,33366350215379187000;0,33366333912047780000
0,07135874877810368000;0,33500797188026740000;0,33500780917859330000
0,07145650048875861000;0,33635730728273355000;0,33635714491421970000
0,07155425219941354000;0,33771152170093770000;0,33771135966710664000
0,07165200391006847000;0,33907062849289316000;0,33907046679526490000
0,07174975562072340000;0,34043464103486937000;0,34043447967496654000
0,07184750733137833000;0,34180357272140177000;0,34180341170074460000
0,07194525904203326000;0,34317743696528236000;0,34317727628539324000
0,07204301075268820000;0,34455624719756867000;0,34455608685996786000
0,07214076246334312000;0,34594001686757475000;0,34593985687378480000
0,07223851417399806000;0,34732875944288066000;0,34732859979442166000
0,07233626588465299000;0,34872248840932274000;0,34872232910771717000
0,07243401759530792000;0,35012121727100304000;0,35012105831777107000
0,07253176930596285000;0,35152495955028020000;0,35152480094694440000
0,07262952101661778000;0,35293372878777860000;0,35293357053585910000
0,07272727272727271000;0,35434753854237905000;0,35434738064339830000
0,07282502443792764000;0,35576640239122814000;0,35576624484670650000
0,07292277614858257000;0,35719033392972904000;0,35719017674118897000
0,07302052785923750000;0,35861934677155066000;0,35861918994051230000
0,07311827956989243000;0,36005345454861820000;0,36005329807660413000
0,07321603128054736000;0,36149267091112280000;0,36149251479965320000
0,07331378299120230000;0,36293700952751223000;0,36293685377810960000
0,07341153470185723000;0,36438648408449960000;0,36438632869868404000
0,07350928641251216000;0,36584110828705480000;0,36584095326634897000
0,07360703812316709000;0,36730089585841340000;0,36730074120433753000
0,07370478983382202000;0,36876586054006750000;0,36876570625414420000
0,07380254154447695000;0,37023601609177487000;0,37023586217552434000
0,07390029325513188000;0,37171137629154993000;0,37171122274649470000
0,07399804496578681000;0,37319195493567270000;0,37319180176333310000
0,07409579667644174000;0,37467776583867973000;0,37467761304057830000
0,07419354838709667000;0,37616882283337330000;0,37616867041103040000
0,07429130009775160000;0,37766513977081240000;0,37766498772575040000
0,07438905180840653000;0,37916673052032150000;0,37916657885406074000
0,07448680351906146000;0,38067360896948166000;0,38067345768354466000
0,07458455522971640000;0,38218578902413963000;0,38218563812004663000
0,07468230694037133000;0,38370328460839886000;0,38370313408767237000
0,07478005865102626000;0,38522610966462830000;0,38522595952878860000
0,07487781036168119000;0,38675427815345353000;0,38675412840402310000
0,07497556207233612000;0,38828780405376584000;0,38828765469226500000
0,07507331378299105000;0,38982670136271310000;0,38982655239066427000
0,07517106549364598000;0,39137098409570875000;0,39137083551463210000
0,07526881720430091000;0,39292066628642290000;0,39292051809784095000
0,07536656891495584000;0,39447576198679124000;0,39447561419222430000
0,07546432062561077000;0,39603628526700620000;0,39603613786797676000
0,07556207233626570000;0,39760225021552560000;0,39760210321355394000
0,07565982404692063000;0,39917367093906410000;0,39917352433567270000
0,07575757575757557000;0,40075056156260197000;0,40075041535931110000
0,07585532746823050000;0,40233293622937594000;0,40233279042770814000
0,07595307917888543000;0,40392080910088846000;0,40392066370236400000
0,07605083088954036000;0,40551419435689867000;0,40551404936304003000
0,07614858260019529000;0,40711310619543120000;0,40711296160775880000
0,07624633431085022000;0,40871755883276734000;0,40871741465280365000
0,07634408602150515000;0,41032756650345410000;0,41032742273271944000
0,07644183773216008000;0,41194314346029504000;0,41194300010031200000
0,07653958944281501000;0,41356430397435934000;0,41356416102664817000
0,07663734115346994000;0,41519106233497300000;0,41519091980105605000
0,07673509286412487000;0,41682343284972710000;0,41682329073112480000
0,07683284457477980000;0,41846142984447005000;0,41846128814270483000
0,07693059628543474000;0,42010506766331520000;0,42010492637990740000
0,07702834799608967000;0,42175436066863314000;0,42175421980510513000
0,07712609970674460000;0,42340932324105960000;0,42340918279893180000
0,07722385141739953000;0,42506996977948736000;0,42506982976028196000
0,07732160312805446000;0,42673631470107420000;0,42673617510631180000
0,07741935483870939000;0,42840837244123525000;0,42840823327243815000
0,07751710654936432000;0,43008615745365070000;0,43008601871233926000
0,07761485826001925000;0,43176968421025774000;0,43176954589795440000
0,07771260997067418000;0,43345896720125876000;0,43345882931948400000
0,07781036168132911000;0,43515402093511330000;0,43515388348538950000
0,07790811339198404000;0,43685485993854600000;0,43685472292239360000
0,07800586510263897000;0,43856149875653860000;0,43856136217548014000
0,07810361681329390000;0,44027395195233800000;0,44027381580789390000
0,07820136852394884000;0,44199223410744826000;0,44199209840114084000
0,07829912023460377000;0,44371635982163843000;0,44371622455498827000
0,07839687194525870000;0,44544634371293480000;0,44544620888746433000
0,07849462365591363000;0,44718220041762863000;0,44718206603485855000
0,07859237536656856000;0,44892394459026874000;0,44892381065172116000
0,07869012707722349000;0,45067159090366850000;0,45067145741086400000
0,07878787878787842000;0,45242515404889877000;0,45242502100335974000
0,07888563049853335000;0,45418464873529524000;0,45418451613854240000
0,07898338220918828000;0,45595008969045120000;0,45594995754400670000
0,07908113391984321000;0,45772149166022447000;0,45772135996560880000
0,07917888563049814000;0,45949886940873060000;0,45949873816746620000
0,07927663734115308000;0,46128223771834964000;0,46128210693195704000
0,07937438905180800000;0,46307161138971930000;0,46307148105972074000
0,07947214076246294000;0,46486700524174190000;0,46486687536965810000
0,07956989247311787000;0,46666843411157743000;0,46666830469893070000
0,07966764418377280000;0,46847591285465046000;0,46847578390296150000
0,07976539589442773000;0,47028945634464325000;0,47028932785543430000
0,07986314760508266000;0,47210907947350270000;0,47210895144829434000
0,07996089931573759000;0,47393479715143320000;0,47393466959174780000
0,08005865102639252000;0,47576662430690390000;0,47576649721426190000
0,08015640273704745000;0,47760457588664140000;0,47760444926256530000
0,08025415444770238000;0,47944866685563700000;0,47944854070164733000
0,08035190615835731000;0,48129891219713977000;0,48129878651475894000
0,08044965786901224000;0,48315532691266320000;0,48315520170341180000
0,08054740957966718000;0,48501792602197860000;0,48501780128737887000
0,08064516129032210000;0,48688672456312170000;0,48688660030469433000
0,08074291300097704000;0,48876173759238600000;0,48876161381165306000
0,08084066471163197000;0,49064298018432950000;0,49064285688281173000
0,08093841642228690000;0,49253046743176787000;0,49253034461098766000
0,08103616813294183000;0,49442421444578144000;0,49442409210725935000
0,08113391984359676000;0,49632423635570810000;0,49632411450096650000
0,08123167155425169000;0,49823054830915030000;0,49823042693970987000
0,08132942326490662000;0,50014316547196840000;0,50014304458935140000
0,08142717497556155000;0,50206210302828700000;0,50206198263401420000
0,08152492668621648000;0,50398737618048880000;0,50398725627608250000
0,08162267839687141000;0,50591900014922060000;0,50591888073620140000
0,08172043010752635000;0,50785699017338740000;0,50785687125327730000
0,08181818181818128000;0,50980136151015790000;0,50980124308447790000
0,08191593352883621000;0,51175212943495930000;0,51175201150523180000
0,08201368523949114000;0,51370930924148330000;0,51370919180922860000
0,08211143695014607000;0,51567291624167890000;0,51567279930841960000
0,08220918866080100000;0,51764296576575970000;0,51764284933301630000
0,08230694037145593000;0,51961947316219760000;0,51961935723149220000
0,08240469208211086000;0,52160245379772810000;0,52160233837058160000
0,08250244379276579000;0,52359192305734490000;0,52359180813527960000
0,08260019550342072000;0,52558789634430660000;0,52558778192884290000
0,08269794721407565000;0,52759038908012880000;0,52759027517278920000
0,08279569892473058000;0,52959941670459230000;0,52959930330689710000
0,08289345063538552000;0,53161499467573490000;0,53161488178920660000
0,08299120234604045000;0,53363713846985950000;0,53363702609601850000
0,08308895405669538000;0,53566586358152670000;0,53566575172189510000
0,08318670576735031000;0,53770118552356100000;0,53770107417965960000
0,08328445747800524000;0,53974311982704530000;0,53974300900039640000
0,08338220918866017000;0,54179168204132670000;0,54179157173345090000
0,08347996089931510000;0,54384688773400990000;0,54384677794642980000
0,08357771260997003000;0,54590875249096460000;0,54590864322520070000
0,08367546432062496000;0,54797729191631780000;0,54797718317389250000
0,08377321603127989000;0,55005252163246130000;0,55005241341489530000
0,08387096774193482000;0,55213445728004440000;0,55213434958886000000
0,08396871945258975000;0,55422311451798110000;0,55422300735469900000
0,08406647116324469000;0,55631850902344320000;0,55631840238958550000
0,08416422287389962000;0,55842065649186660000;0,55842055038895410000
0,08426197458455455000;0,56052957263694530000;0,56052946706650020000
0,08435972629520948000;0,56264527319063740000;0,56264516815418060000
0,08445747800586441000;0,56476777390315970000;0,56476766940221320000
0,08455522971651934000;0,56689709054299240000;0,56689698657907700000
0,08465298142717427000;0,56903323889687410000;0,56903313547151190000
0,08475073313782920000;0,57117623476980740000;0,57117613188451910000
0,08484848484848413000;0,57332609398505330000;0,57332599164136100000
0,08494623655913906000;0,57548283238413660000;0,57548273058356100000
0,08504398826979400000;0,57764646582684040000;0,57764636457090380000
0,08514173998044892000;0,57981701019121190000;0,57981690948143490000
0,08523949169110386000;0,58199448137355650000;0,58199438121146110000
0,08533724340175879000;0,58417889528844340000;0,58417879567555050000
0,08543499511241372000;0,58637026786870030000;0,58637016880653200000
0,08553274682306865000;0,58856861506541880000;0,58856851655549590000
0,08563049853372358000;0,59077395284794860000;0,59077385489179330000
0,08572825024437851000;0,59298629720390380000;0,59298619980303680000
0,08582600195503344000;0,59520566413915650000;0,59520556729509980000
0,08592375366568837000;0,59743206967784280000;0,59743197339211720000
0,08602150537634330000;0,59966552986235680000;0,59966543413648450000
0,08611925708699823000;0,60190606075335670000;0,60190596558885870000
0,08621700879765316000;0,60415367842975930000;0,60415358382815800000
0,08631476050830810000;0,60640839898874500000;0,60640830495156120000
0,08641251221896303000;0,60867023854575280000;0,60867014507450890000
0,08651026392961796000;0,61093921323448530000;0,61093912033070230000
0,08660801564027289000;0,61321533920690390000;0,61321524687210400000
0,08670576735092782000;0,61549863263323330000;0,61549854086893760000
0,08680351906158275000;0,61778910970195740000;0,61778901850968790000
0,08690127077223768000;0,62008678661982310000;0,62008669600110090000
0,08699902248289261000;0,62239167961183630000;0,62239158956818330000
0,08709677419354754000;0,62470380492126590000;0,62470371545420340000
0,08719452590420247000;0,62702317880964010000;0,62702308992069040000
0,08729227761485740000;0,62934981755675050000;0,62934972924743480000
0,08739002932551233000;0,63168373746064750000;0,63168364973248800000
0,08748778103616726000;0,63402495483764480000;0,63402486769216270000
0,08758553274682220000;0,63637348602231520000;0,63637339946103240000
0,08768328445747713000;0,63872934736749460000;0,63872926139193220000
0,08778103616813206000;0,64109255524427790000;0,64109246985595790000
0,08787878787878699000;0,64346312604202320000;0,64346304124246690000
0,08797653958944192000;0,64584107616834760000;0,64584099195907710000
0,08807429130009685000;0,64822642204913140000;0,64822633843166790000
0,08817204301075178000;0,65061918012851430000;0,65061909710437990000
0,08826979472140671000;0,65301936686889870000;0,65301928443961470000
0,08836754643206164000;0,65542699875094650000;0,65542691691803490000
0,08846529814271657000;0,65784209227358250000;0,65784201103856430000
0,08856304985337150000;0,66026466395399070000;0,66026458331838810000
0,08866080156402643000;0,66269473032761800000;0,66269465029295200000
0,08875855327468136000;0,66513230794817090000;0,66513222851596370000
0,08885630498533630000;0,66757741338761830000;0,66757733455939130000
0,08895405669599123000;0,67003006323618870000;0,67002998501346380000
0,08905180840664616000;0,67249027410237380000;0,67249019648667250000
0,08914956011730109000;0,67495806261292430000;0,67495798560576860000
0,08924731182795602000;0,67743344541285410000;0,67743336901576520000
0,08934506353861095000;0,67991643916543610000;0,67991636337993590000
0,08944281524926588000;0,68240706055220630000;0,68240698537981610000
0,08954056695992081000;0,68490532627296010000;0,68490525171520200000
0,08963831867057574000;0,68741125304575530000;0,68741117910415050000
0,08973607038123067000;0,68992485760690990000;0,68992478428298030000
0,08983382209188560000;0,69244615671100410000;0,69244608400627100000
0,08993157380254053000;0,69497516713087750000;0,69497509504686320000
0,09002932551319547000;0,69751190565763310000;0,69751183419585850000
0,09012707722385040000;0,70005638910063280000;0,70005631826262000000
0,09022482893450533000;0,70260863428750150000;0,70260856407477190000
0,09032258064516026000;0,70516865806412370000;0,70516858847819910000
0,09042033235581519000;0,70773647729464630000;0,70773640833704790000
0,09051808406647012000;0,71031210886147580000;0,71031204053372580000
0,09061583577712505000;0,71289556966528180000;0,71289550196890130000
0,09071358748777998000;0,71548687662499290000;0,71548680956150400000
0,09081133919843491000;0,71808604667780060000;0,71808598024872450000
0,09090909090908984000;0,72069309677915630000;0,72069303098601520000
0,09100684261974477000;0,72330804390277360000;0,72330797874708860000
0,09110459433039970000;0,72593090504062610000;0,72593084052391910000
0,09120234604105464000;0,72856169720294960000;0,72856163332674180000
0,09130009775170957000;0,73120043741823960000;0,73120037418405310000
0,09139784946236450000;0,73384714273325470000;0,73384708014261070000
0,09149560117301943000;0,73650183021301250000;0,73650176826743310000
0,09159335288367436000;0,73916451694079350000;0,73916445564179990000
0,09169110459432929000;0,74183522001813810000;0,74183515936725210000
0,09178885630498422000;0,74451395656484860000;0,74451389656359170000
0,09188660801563915000;0,74720074371898770000;0,74720068436888190000
0,09198435972629408000;0,74989559863688030000;0,74989553993944660000
0,09208211143694901000;0,75259853849311110000;0,75259848044987150000
0,09217986314760394000;0,75530958048052720000;0,75530952309300290000
0,09227761485825887000;0,75802874181023540000;0,75802868507994850000
0,09237536656891380000;0,76075603971160510000;0,76075598364007700000
0,09247311827956874000;0,76349149143226560000;0,76349143602101810000
0,09257086999022367000;0,76623511423810830000;0,76623505948866290000
0,09266862170087860000;0,76898692541328470000;0,76898687132716350000
0,09276637341153353000;0,77174694226020880000;0,77174688883893320000
0,09286412512218846000;0,77451518209955430000;0,77451512934464600000
0,09296187683284339000;0,77729166227025740000;0,77729161018323760000
0,09305962854349832000;0,78007640012951380000;0,78007634871190470000
0,09315738025415325000;0,78286941305278210000;0,78286936230610450000
0,09325513196480818000;0,78567071843378020000;0,78567066835955650000
0,09335288367546311000;0,78848033368448890000;0,78848028428424020000
0,09345063538611804000;0,79129827623514840000;0,79129822751039660000
0,09354838709677298000;0,79412456353426160000;0,79412451548652820000
0,09364613880742790000;0,79695921304859130000;0,79695916567939800000
0,09374389051808284000;0,79980224226316230000;0,79980219557403080000
0,09384164222873777000;0,80265366868125960000;0,80265362267371180000
0,09393939393939270000;0,80551350982443060000;0,80551346449998780000
0,09403714565004763000;0,80838178323248220000;0,80838173859266660000
0,09413489736070256000;0,81125850646348430000;0,81125846250981730000
0,09423264907135749000;0,81414369709376610000;0,81414365382776950000
0,09433040078201242000;0,81703737271791940000;0,81703733014111490000
0,09442815249266735000;0,81993955094879580000;0,81993950906270540000
0,09452590420332228000;0,82285024941750950000;0,82285020822365460000
0,09462365591397721000;0,82576948577343430000;0,82576944527333670000
0,09472140762463215000;0,82869727768420660000;0,82869723787938790000
0,09481915933528708000;0,83163364283572250000;0,83163360372770460000
0,09491691104594200000;0,83457859893214040000;0,83457856052244470000
0,09501466275659694000;0,83753216369587880000;0,83753212598602730000
0,09511241446725187000;0,84049435486761860000;0,84049431785913260000
0,09521016617790680000;0,84346519020630030000;0,84346515390070160000
0,09530791788856173000;0,84644468748912700000;0,84644465188793730000
0,09540566959921666000;0,84943286451156140000;0,84943282961630260000
0,09550342130987159000;0,85242973908732900000;0,85242970489952220000
0,09560117302052652000;0,85543532904841470000;0,85543529556958210000
0,09569892473118145000;0,85844965224506590000;0,85844961947672880000
0,09579667644183638000;0,86147272654579020000;0,86147269448947080000
0,09589442815249132000;0,86450456983735700000;0,86450453849457700000
0,09599217986314625000;0,86754520002479650000;0,86754516939707740000
0,09608993157380118000;0,87059463503140010000;0,87059460512026370000
0,09618768328445611000;0,87365289279872030000;0,87365286360568820000
0,09628543499511104000;0,87671999128657060000;0,87671996281316440000
0,09638318670576597000;0,87979594847302590000;0,87979592072076730000
0,09648093841642090000;0,88288078235442190000;0,88288075532483260000
0,09657869012707583000;0,88597451094535560000;0,88597448463995740000
0,09667644183773076000;0,88907715227868510000;0,88907712669899940000
0,09677419354838569000;0,89218872440552970000;0,89218869955307840000
0,09687194525904062000;0,89530924539526960000;0,89530922127157430000
0,09696969696969555000;0,89843873333554640000;0,89843870994212880000
0,09706744868035048000;0,90157720633226260000;0,90157718367064430000
0,09716520039100542000;0,90472468250958190000;0,90472466058128480000
0,09726295210166035000;0,90788118000992920000;0,90788115881647470000
0,09736070381231528000;0,91104671699399040000;0,91104669653690020000
0,09745845552297021000;0,91422131164071250000;0,91422129192150830000
0,09755620723362514000;0,91740498214730370000;0,91740496316750740000
0,09765395894428007000;0,92059774672923330000;0,92059772849036650000
0,09775171065493500000;0,92379962362023180000;0,92379960612381630000
0,09784946236558993000;0,92701063107229080000;0,92701061431984810000
0,09794721407624486000;0,93023078735566280000;0,93023077134871480000
0,09804496578689980000;0,93346011075886170000;0,93346009549893030000
0,09814271749755472000;0,93669861958866250000;0,93669860507726900000
0,09824046920820965000;0,93994633217010130000;0,93994631840876760000
0,09833822091886459000;0,94320326684647520000;0,94320325383672280000
0,09843597262951952000;0,94646944197934250000;0,94646942972269320000
0,09853372434017445000;0,94974487594852260000;0,94974486444649810000
0,09863147605082938000;0,95302958715209620000;0,95302957640621790000
0,09872922776148431000;0,95632359400640480000;0,95632358401819430000
0,09882697947213924000;0,95962691494605110000;0,95962690571703040000
0,09892473118279417000;0,96293956842389920000;0,96293955995558980000
0,09902248289344910000;0,96626157291107400000;0,96626156520499750000
0,09912023460410403000;0,96959294689696160000;0,96959293995463980000
0,09921798631475896000;0,97293370888920950000;0,97293370271216380000
0,09931573802541390000;0,97628387741372590000;0,97628387200347810000
0,09941348973606882000;0,97964347101468040000;0,97964346637275210000
0,09951124144672376000;0,98301250825450360000;0,98301250438241640000
0,09960899315737869000;0,98639100771388720000;0,98639100461316300000
0,09970674486803362000;0,98977898799178410000;0,98977898566394430000
0,09980449657868855000;0,99317646770540820000;0,99317646615197470000
0,09990224828934348000;0,99658346549023480000;0,99658346471272940000
0,09999999999999841000;1,00000000000000000000;0,99999999999994420000
