wrote file for Iteration #: 326982
0,00000000000000000000;0,00000000000000000000;0,00000000000000000000
0,00039215686274509810;0,00065364502838073410;0,00065359496832885420
0,00078431372549019620;0,00130729242180574750;0,00130719269587604750
0,00117647058823529420;0,00196094927540797770;0,00196080027777445140
0,00156862745098039230;0,00261462741440878940;0,00261442953924552030
0,00196078431372549000;0,00326834339411835940;0,00326809703559928630
0,00235294117647058800;0,00392211849993513900;0,00392182405223436700
0,00274509803921568600;0,00457597874734654100;0,00457563660463795900
0,00313725490196078370;0,00522995488192810700;0,00522956543838583900
0,00352941176470588160;0,00588408237934448700;0,00588364602914236800
0,00392156862745097950;0,00653840144534830960;0,00653791858266048700
0,00431372549019607700;0,00719295701578146300;0,00719242803478171700
0,00470588235294117500;0,00784779875657366100;0,00784722405143616200
0,00509803921568627300;0,00850298106374403000;0,00850236102864250500
0,00549019607843137100;0,00915856306339937200;0,00915789809250801300
0,00588235294117646900;0,00981460861173605300;0,00981389909922853300
0,00627450980392156700;0,01047118629503795800;0,01047043263508849000
0,00666666666666666450;0,01112836942967869100;0,01112757201646089900
0,00705882352941176200;0,01178623606211923000;0,01178539528980734700
0,00745098039215686000;0,01244486896891040800;0,01244398523167800600
0,00784313725490195900;0,01310435565669030000;0,01310342934871163200
0,00823529411764705800;0,01376478836218697000;0,01376381987763556000
0,00862745098039215600;0,01442626405221558200;0,01442525378526570000
0,00901960784313725500;0,01508888442368143700;0,01508783276850655400
0,00941176470588235400;0,01575275590357679000;0,01575166325435120000
0,00980392156862745300;0,01641798964898417300;0,01641685639988129200
0,01019607843137255100;0,01708470154707293600;0,01708352809226707700
0,01058823529411765000;0,01775301221510284400;0,01775179894876737600
0,01098039215686274900;0,01842304700042033200;0,01842179431672959000
0,01137254901960784700;0,01909493598046240600;0,01909364427358970600
0,01176470588235294600;0,01976881396275258600;0,01976748362687228600
0,01215686274509804500;0,02044482048490511000;0,02044345191419048000
0,01254901960784314400;0,02112309981462060300;0,02112169340324602000
0,01294117647058824200;0,02180380094969052600;0,02180235709182921000
0,01333333333333334100;0,02248707761799260000;0,02248559670781894000
0,01372549019607844000;0,02317308827749551000;0,02317157070918268400
0,01411764705882353900;0,02386199611625408000;0,02386044228397649400
0,01450980392156863700;0,02455396905241423000;0,02455237935034501000
0,01490196078431373600;0,02524917973420786000;0,02524755455652144200
0,01529411764705883500;0,02594780553995813800;0,02594614528082759000
0,01568627450980393200;0,02665002857807404300;0,02664833363167382800
0,01607843137254903000;0,02735603568705599300;0,02735430644755912400
0,01647058823529413000;0,02806601843549004500;0,02806425529707101000
0,01686274509803922800;0,02878017312205386000;0,02877837647888561700
0,01725490196078432700;0,02949870077551057500;0,02949687102176764000
0,01764705882352942500;0,03022180715471508400;0,03021994468457036800
0,01803921568627452400;0,03094970274860764000;0,03094780795623566400
0,01843137254901962300;0,03168260277622033500;0,03168067605579398000
0,01882352941176472000;0,03242072718667054000;0,03241876893236434000
0,01921568627450982000;0,03316430065916755500;0,03316231126515435000
0,01960784313725492000;0,03391355260300587400;0,03391153246346021600
0,02000000000000001800;0,03466871715757200000;0,03466666666666669000
0,02039215686274511600;0,03543003319233752000;0,03542795274424715000
0,02078431372549021500;0,03619774430686619600;0,03619563429576350000
0,02117647058823531400;0,03697209883080672400;0,03696995965086628000
0,02156862745098041300;0,03775334982390005000;0,03775118186929457600
0,02196078431372551000;0,03854175507597198000;0,03853955874087608000
0,02235294117647061000;0,03933757710694069000;0,03933535278552703000
0,02274509803921571000;0,04014108316680909000;0,04013883125325229000
0,02313725490196080800;0,04095254523567256500;0,04095026612414525600
0,02352941176470590600;0,04177224002371114000;0,04176993410838795000
0,02392156862745100500;0,04260044897119743000;0,04259811664625096000
0,02431372549019610400;0,04343745824848854000;0,04343509990809344000
0,02470588235294120200;0,04428355875603432600;0,04428117479436314400
0,02509803921568630000;0,04513904612436899600;0,04513663693559639000
0,02549019607843140000;0,04600422071411959500;0,04600178669241811000
0,02588235294117650000;0,04687938761599749000;0,04687692915554177000
0,02627450980392159700;0,04776485665080690000;0,04776237414576946000
0,02666666666666669600;0,04866094236943634000;0,04865843621399182400
0,02705882352941179500;0,04956796405286721000;0,04956543464118811000
0,02745098039215689400;0,05048624571216514000;0,05048369343842610400
0,02784313725490199200;0,05141611608848874000;0,05141354134686224000
0,02823529411764709000;0,05235790865308076500;0,05235531183774147000
0,02862745098039219000;0,05331196160727703000;0,05330934311239737000
0,02901960784313729000;0,05427861788249742400;0,05427597810225207000
0,02941176470588238700;0,05525822514025495000;0,05525556446881630000
0,02980392156862748600;0,05625113577214662000;0,05624845460368936000
0,03019607843137258500;0,05725770689986263400;0,05725500562855913000
0,03058823529411768300;0,05827830037517714400;0,05827557939520209000
0,03098039215686278200;0,05931328277995752400;0,05931054248548327000
0,03137254901960788000;0,06036302542615506000;0,06036026621135630000
0,03176470588235297000;0,06142790435581435000;0,06142512661486340000
0,03215686274509807000;0,06250830034106379000;0,06250550446813535000
0,03254901960784316000;0,06360459888412516000;0,06360178527339154000
0,03294117647058826000;0,06471719021730399000;0,06471435926293992000
0,03333333333333335400;0,06584646930299926000;0,06584362139917700000
0,03372549019607845000;0,06699283583369364000;0,06698997137458793000
0,03411764705882354400;0,06815669423196333000;0,06815381361174638000
0,03450980392156864000;0,06933845365046810000;0,06933555726331464000
0,03490196078431373500;0,07053852797196133000;0,07053561621204357000
0,03529411764705883000;0,07175733580927993000;0,07175440907077263000
0,03568627450980392500;0,07299530050535447000;0,07299235918242980000
0,03607843137254902000;0,07425285013319896000;0,07424989462003173000
0,03647058823529411600;0,07553041749592121000;0,07552744818668357000
0,03686274509803921000;0,07682844012671237000;0,07682545741557910000
0,03725490196078430600;0,07814736028885744000;0,07814436457000067000
0,03764705882352940000;0,07948762497572467000;0,07948461664331920000
0,03803921568627450000;0,08084968591077626000;0,08084666535899421000
0,03843137254901959000;0,08223399954755765000;0,08223096717057377000
0,03882352941176469000;0,08364102706970816000;0,08363798326169458000
0,03921568627450978000;0,08507123439095039000;0,08506817954608188000
0,03960784313725488000;0,08652509215510083000;0,08652202666754950000
0,03999999999999997000;0,08800307573605924000;0,08799999999999988000
0,04039215686274507000;0,08950566523781929000;0,08950257964742400000
0,04078431372549016400;0,09103334549445789000;0,09103025044390142000
0,04117647058823526000;0,09258660607014588000;0,09258350195360032000
0,04156862745098035400;0,09416594125913733000;0,09416282847077746000
0,04196078431372545000;0,09577185008578022000;0,09576872901977813000
0,04235294117647054500;0,09740483630450580000;0,09740170735503625000
0,04274509803921564000;0,09906540839983925000;0,09906227196107431000
0,04313725490196073500;0,10075407958638892000;0,10075093605250335000
0,04352941176470583000;0,10247136780885716000;0,10246821757402305000
0,04392156862745092600;0,10421779574202950000;0,10421463920042162000
0,04431372549019602000;0,10599389079078547000;0,10599072833657588000
0,04470588235294111600;0,10780018509008776000;0,10779701711745121000
0,04509803921568621000;0,10963721550499304000;0,10963404240810157000
0,04549019607843131000;0,11150552363064113000;0,11150234580366955000
0,04588235294117640000;0,11340565579226590000;0,11340247362938627000
0,04627450980392150000;0,11533816304518438000;0,11533497694057143000
0,04666666666666659000;0,11730360117480756000;0,11730041152263335000
0,04705882352941169000;0,11930253069662960000;0,11929933789106890000
0,04745098039215678000;0,12133551685623871000;0,12133232129146353000
0,04784313725490188000;0,12340312962930618000;0,12339993169949129000
0,04823529411764697300;0,12550594372159735000;0,12550274382091480000
0,04862745098039207000;0,12764453856896074000;0,12764133709158530000
0,04901960784313716400;0,12981949833733886000;0,12981629567744252000
0,04941176470588226000;0,13203141192275733000;0,13202820847451485000
0,04980392156862735500;0,13428087295133578000;0,13427766910891920000
0,05019607843137245000;0,13656847977927702000;0,13656527593686119000
0,05058823529411754500;0,13889483549287790000;0,13889163204463484000
0,05098039215686264000;0,14126054790851840000;0,14125734524862288000
0,05137254901960773600;0,14366622957267258000;0,14366302809529660000
0,05176470588235283000;0,14611249776189747000;0,14610929786121582000
0,05215686274509792600;0,14859997448284423000;0,14859677655302897000
0,05254901960784302000;0,15112928647224720000;0,15112609090747312000
0,05294117647058812000;0,15370106519693466000;0,15369787239137380000
0,05333333333333321000;0,15631594685381810000;0,15631275720164525000
0,05372549019607831000;0,15897457236990303000;0,15897138626529017000
0,05411764705882340000;0,16167758740227803000;0,16167440523939997000
0,05450980392156850000;0,16442564233812573000;0,16442246451115450000
0,05490196078431359000;0,16721939229471192000;0,16721621919782230000
0,05529411764705869000;0,17005949711939639000;0,17005632914676047000
0,05568627450980378000;0,17294662138962210000;0,17294345893541466000
0,05607843137254888000;0,17588143441292597000;0,17587827787131913000
0,05647058823529397400;0,17886461022692818000;0,17886145999209666000
0,05686274509803907000;0,18189682759934280000;0,18189368406545870000
0,05725490196078416400;0,18497877002796717000;0,18497563358920527000
0,05764705882352926000;0,18811112574069255000;0,18810799679122492000
0,05803921568627435500;0,19129458769549337000;0,19129146662949476000
0,05843137254901945000;0,19452985358043810000;0,19452674079208054000
0,05882352941176454500;0,19781762581367834000;0,19781452169713665000
0,05921568627450964000;0,20115861154345965000;0,20115551649290592000
0,05960784313725473600;0,20455352264811090000;0,20455043705771986000
0,05999999999999983000;0,20800307573605478000;0,20799999999999846000
0,06039215686274492700;0,21150799214579727000;0,21150492665825046000
0,06078431372549002000;0,21506899794593817000;0,21506594310107302000
0,06117647058823512000;0,21868682393516070000;0,21868378012715195000
0,06156862745098021000;0,22236220564224180000;0,22235917326526167000
0,06196078431372531000;0,22609588332604190000;0,22609286277426513000
0,06235294117647040000;0,22988860197551510000;0,22988559364311384000
0,06274509803921550000;0,23374111130969900000;0,23373811559084806000
0,06313725490196061000;0,23765416577772477000;0,23765118306659638000
0,06352941176470571000;0,24162852455880726000;0,24162555524957613000
0,06392156862745081000;0,24566495156225485000;0,24566199604909317000
0,06431372549019591000;0,24976421542745944000;0,24976127410454194000
0,06470588235294102000;0,25392708952390660000;0,25392416278540547000
0,06509803921568612000;0,25815435195116543000;0,25815144019125547000
0,06549019607843122000;0,26244678553889866000;0,26244388915175200000
0,06588235294117632000;0,26680517784685254000;0,26680229722664390000
0,06627450980392142000;0,27123032116486695000;0,27122745670576853000
0,06666666666666653000;0,27572301251286546000;0,27572016460905180000
0,06705882352941163000;0,28028405364086470000;0,28028122268650835000
0,06745098039215673000;0,28491425102896584000;0,28491143741824115000
0,06784313725490183000;0,28961441588736240000;0,28961162001444196000
0,06823529411764694000;0,29438536415633270000;0,29438258641539100000
0,06862745098039204000;0,29922791650624770000;0,29922515729145710000
0,06901960784313714000;0,30414289833756264000;0,30414015804309780000
0,06941176470588224000;0,30913113978082560000;0,30912841880085900000
0,06980392156862734000;0,31419347569666920000;0,31419077442537530000
0,07019607843137245000;0,31933074567581865000;0,31932806450736995000
0,07058823529411755000;0,32454379403908350000;0,32454113336765467000
0,07098039215686265000;0,32983346983736633000;0,32983083005712976000
0,07137254901960775000;0,33520062685165386000;0,33519800835678415000
0,07176470588235286000;0,34064612359302554000;0,34064352677769540000
0,07215686274509796000;0,34617082330264560000;0,34616824856102946000
0,07254901960784306000;0,35177559395177055000;0,35177304167804113000
0,07294117647058816000;0,35746130824174190000;0,35745877883007354000
0,07333333333333326000;0,36322884360399316000;0,36322633744855860000
0,07372549019607837000;0,36907908220004304000;0,36907659969501660000
0,07411764705882347000;0,37501291092150224000;0,37501045246105670000
0,07450980392156857000;0,38103122139006650000;0,38102878736837636000
0,07490196078431367000;0,38713490995752380000;0,38713250076876166000
0,07529411764705878000;0,39332487770574714000;0,39332249374408750000
0,07568627450980388000;0,39960203044670156000;0,39959967210631700000
0,07607843137254898000;0,40596727872243720000;0,40596494639750225000
0,07647058823529408000;0,41242153780509616000;0,41241923188978360000
0,07686274509803918000;0,41896572769690570000;0,41896344858539003000
0,07725490196078429000;0,42560077313018535000;0,42559852121663930000
0,07764705882352939000;0,43232760356733946000;0,43232537924593767000
0,07803921568627449000;0,43914715320086460000;0,43914495686577980000
0,07843137254901959000;0,44606036095334250000;0,44605819299874927000
0,07882352941176470000;0,45306817047744670000;0,45306603129751766000
0,07921568627450980000;0,46017153015593615000;0,46016942014484596000
0,07960784313725490000;0,46737139310166154000;0,46736931265358306000
0,08000000000000000000;0,47466871715755915000;0,47466666666666657000
0,08039215686274510000;0,48206446489665660000;0,48206244475712300000
0,08078431372549020000;0,48955960362206735000;0,48955761422806710000
0,08117647058823531000;0,49715510536699625000;0,49715314711270230000
0,08156862745098041000;0,50485194689473400000;0,50485002017432080000
0,08196078431372551000;0,51265110969866250000;0,51264921490630300000
0,08235294117647061000;0,52055358000224940000;0,52055171753211820000
0,08274509803921572000;0,52856034875905400000;0,52855851900532400000
0,08313725490196082000;0,53667241165272140000;0,53667061500956700000
0,08352941176470592000;0,54489076909698770000;0,54488900595858200000
0,08392156862745102000;0,55321642623567550000;0,55321469699619250000
0,08431372549019613000;0,56165039294269770000;0,56164869799631080000
0,08470588235294123000;0,57019368382205380000;0,57019202356293730000
0,08509803921568633000;0,57884731820783450000;0,57884569303016130000
0,08549019607843143000;0,58761232016421640000;0,58761073046216100000
0,08588235294117653000;0,59648971848546670000;0,59648816465320230000
0,08627450980392164000;0,60548054669593960000;0,60547902912764060000
0,08666666666666674000;0,61458584305007970000;0,61458436213991930000
0,08705882352941184000;0,62380665053241820000;0,62380520667457050000
0,08745098039215694000;0,63314401685757670000;0,63314261044621520000
0,08784313725490205000;0,64259899447026390000;0,64259762589956260000
0,08823529411764715000;0,65217264054527810000;0,65217131020941050000
0,08862745098039225000;0,66186601698750550000;0,66186472528064540000
0,08901960784313735000;0,67168019043192150000;0,67167893774824270000
0,08941176470588245000;0,68161623224358920000;0,68161501897726570000
0,08980392156862756000;0,69167521851766130000;0,69167404506286680000
0,09019607843137266000;0,70185823007937820000;0,70185709683028650000
0,09058823529411776000;0,71216635248406970000;0,71216525983485480000
0,09098039215686286000;0,72260067601715330000;0,72259962436198920000
0,09137254901960797000;0,73316229569413590000;0,73316128542719650000
0,09176470588235307000;0,74385231126061260000;0,74385134277607160000
0,09215686274509817000;0,75467182719226700000;0,75467090088429840000
0,09254901960784327000;0,76562195269487130000;0,76562106895764930000
0,09294117647058837000;0,77670380170428670000;0,77670296093198500000
0,09333333333333348000;0,78791849288646230000;0,78791769547325500000
0,09372549019607858000;0,79926714963743660000;0,79926639597749740000
0,09411764705882368000;0,81075090008333570000;0,81075019057083890000
0,09450980392156878000;0,82237087708037540000;0,82237021210949450000
0,09490196078431389000;0,83412821821485900000;0,83412759817976800000
0,09529411764705899000;0,84602406580317920000;0,84602349109805210000
0,09568627450980409000;0,85805956689181680000;0,85805903791082740000
0,09607843137254919000;0,87023587325734140000;0,87023539039466360000
0,09647058823529430000;0,88255414140641090000;0,88255370505621890000
0,09686274509803940000;0,89501553257577230000;0,89501514313223970000
0,09725490196078450000;0,90762121273226040000;0,90762087058956160000
0,09764705882352960000;0,92037235257279960000;0,92037205812510820000
0,09803921568627470000;0,93327012752440220000;0,93326988116589230000
0,09843137254901980000;0,94631571774416900000;0,94631551986901450000
0,09882352941176491000;0,95951030811928980000;0,95951015912166470000
0,09921568627451001000;0,97285508826704260000;0,97285498854112100000
0,09960784313725511000;0,98635125253479420000;0,98635120247474990000
0,10000000000000021000;1,00000000000000000000;1,00000000000000730000
